NAME	= non_ground
DESCRIPTION	= 
UNIT	= 
DATAFORMAT	= FLOAT
DATAFILE_OFFSET	= 0
BYTEORDER_BIG	= FALSE
TOPTOBOTTOM	= FALSE
POSITION_XMIN	= 767580.1500000000232831
POSITION_YMIN	= 6280645.0500000007450581
CELLCOUNT_X	= 100
CELLCOUNT_Y	= 100
CELLSIZE	= 0.3000000000000000
Z_FACTOR	= 1.000000
Z_OFFSET	= 0.000000
NODATA_VALUE	= -99999.000000;-99999.000000
